                  weekly.returns weekly.returns.1 weekly.returns.2 weekly.returns.3 weekly.returns.4 weekly.returns.5 weekly.returns.6 weekly.returns.7 weekly.returns.8 weekly.returns.9 weekly.returns.10 weekly.returns.11
weekly.returns      0.0018546105     0.0008803160     0.0008337958     0.0006696303     0.0007366496     0.0010467565     0.0010313138     0.0004546975     0.0008480709     0.0008035399      0.0006527267      0.0006864959
weekly.returns.1    0.0008803160     0.0012101499     0.0008645009     0.0007913226     0.0007629196     0.0008739434     0.0013314031     0.0004037478     0.0010057676     0.0006787686      0.0006274134      0.0006140179
weekly.returns.2    0.0008337958     0.0008645009     0.0014034381     0.0008700006     0.0009577548     0.0011483996     0.0014891884     0.0005043639     0.0010320308     0.0007994742      0.0007568709      0.0007433919
weekly.returns.3    0.0006696303     0.0007913226     0.0008700006     0.0018210496     0.0008418333     0.0008541670     0.0005800102     0.0004214385     0.0008773657     0.0006370159      0.0006143835      0.0007202207
weekly.returns.4    0.0007366496     0.0007629196     0.0009577548     0.0008418333     0.0009405578     0.0009288942     0.0013016857     0.0004794343     0.0008881410     0.0005496748      0.0006119805      0.0005733543
weekly.returns.5    0.0010467565     0.0008739434     0.0011483996     0.0008541670     0.0009288942     0.0015430267     0.0016450650     0.0003406132     0.0011754184     0.0007723545      0.0007136433      0.0007036738
weekly.returns.6    0.0010313138     0.0013314031     0.0014891884     0.0005800102     0.0013016857     0.0016450650     0.0071095363     0.0014536634     0.0020246788     0.0018719650      0.0016784048      0.0015956550
weekly.returns.7    0.0004546975     0.0004037478     0.0005043639     0.0004214385     0.0004794343     0.0003406132     0.0014536634     0.0024670407     0.0005053994     0.0005205211      0.0004372789      0.0003133608
weekly.returns.8    0.0008480709     0.0010057676     0.0010320308     0.0008773657     0.0008881410     0.0011754184     0.0020246788     0.0005053994     0.0013905164     0.0008739634      0.0008273476      0.0007869349
weekly.returns.9    0.0008035399     0.0006787686     0.0007994742     0.0006370159     0.0005496748     0.0007723545     0.0018719650     0.0005205211     0.0008739634     0.0018089793      0.0006436716      0.0008957136
weekly.returns.10   0.0006527267     0.0006274134     0.0007568709     0.0006143835     0.0006119805     0.0007136433     0.0016784048     0.0004372789     0.0008273476     0.0006436716      0.0009939039      0.0006541292
weekly.returns.11   0.0006864959     0.0006140179     0.0007433919     0.0007202207     0.0005733543     0.0007036738     0.0015956550     0.0003133608     0.0007869349     0.0008957136      0.0006541292      0.0013436520
weekly.returns.12   0.0009324401     0.0007402776     0.0008731314     0.0006616587     0.0005898038     0.0010172066     0.0012174036     0.0003187952     0.0008688966     0.0008364836      0.0005727822      0.0006869201
weekly.returns.13   0.0010354607     0.0009969376     0.0008822573     0.0008091153     0.0008617947     0.0012585559     0.0014758167     0.0003484812     0.0013639898     0.0005724768      0.0005915121      0.0005528681
weekly.returns.14   0.0014579797     0.0013447805     0.0015687501     0.0013369627     0.0010472929     0.0018599788     0.0025966310     0.0010240237     0.0017568676     0.0018041897      0.0011503346      0.0010183507
weekly.returns.15   0.0015432016     0.0017933297     0.0017033339     0.0017692174     0.0013201981     0.0021200542     0.0035533952     0.0006066988     0.0022437222     0.0015785470      0.0011115964      0.0016965326
weekly.returns.16   0.0012714361     0.0013006521     0.0013929977     0.0009787026     0.0010358461     0.0016040010     0.0021830444     0.0004567857     0.0015371962     0.0013441928      0.0009566533      0.0009453347







                  weekly.returns.12 weekly.returns.13 weekly.returns.14 weekly.returns.15 weekly.returns.16
weekly.returns         0.0009324401      0.0010354607       0.001457980      0.0015432016      0.0012714361
weekly.returns.1       0.0007402776      0.0009969376       0.001344781      0.0017933297      0.0013006521
weekly.returns.2       0.0008731314      0.0008822573       0.001568750      0.0017033339      0.0013929977
weekly.returns.3       0.0006616587      0.0008091153       0.001336963      0.0017692174      0.0009787026
weekly.returns.4       0.0005898038      0.0008617947       0.001047293      0.0013201981      0.0010358461
weekly.returns.5       0.0010172066      0.0012585559       0.001859979      0.0021200542      0.0016040010
weekly.returns.6       0.0012174036      0.0014758167       0.002596631      0.0035533952      0.0021830444
weekly.returns.7       0.0003187952      0.0003484812       0.001024024      0.0006066988      0.0004567857
weekly.returns.8       0.0008688966      0.0013639898       0.001756868      0.0022437222      0.0015371962
weekly.returns.9       0.0008364836      0.0005724768       0.001804190      0.0015785470      0.0013441928
weekly.returns.10      0.0005727822      0.0005915121       0.001150335      0.0011115964      0.0009566533
weekly.returns.11      0.0006869201      0.0005528681       0.001018351      0.0016965326      0.0009453347
weekly.returns.12      0.0032205073      0.0009281262       0.001648721      0.0018197507      0.0019265074
weekly.returns.13      0.0009281262      0.0025360210       0.001704547      0.0023883670      0.0016721301
weekly.returns.14      0.0016487206      0.0017045474       0.006764639      0.0035859901      0.0027752729
weekly.returns.15      0.0018197507      0.0023883670       0.003585990      0.0058345888      0.0027246836
weekly.returns.16      0.0019265074      0.0016721301       0.002775273      0.0027246836      0.0036905486

>
